0.0
0.0
0.0
0.0
0.0
0.0
0.0
0.0
0.0
0.0
0.0
0.0
0.0
0.0
0.0
0.0
0.0
0.0
0.0
0.0
0.0
0.0
0.0
0.0
0.0
0.0
0.0
0.0
0.0
0.0
0.0
0.0
0.0
0.0
0.0
0.0
0.0
0.0
0.0
0.0
0.0
0.0
0.0
0.0
0.0
0.0
0.0
0.0
0.0
0.0
0.0
0.0
0.0
0.0
0.0
0.0
0.0
0.0
0.0
0.0
0.0
0.0
0.0
0.0
0.0
0.0
0.0
0.0
0.0
0.0
0.0
0.0
0.0
0.0
0.0
0.0
0.0
0.0
0.0
0.0
0.01
0.01
0.01
0.02
0.02
0.03
0.03
0.04
0.04
0.05
0.05
0.05
0.06
0.06
0.06
0.07
0.07
0.07
0.07
0.07
0.07
0.08
0.08
0.08
0.08
0.08
0.08
0.08
0.08
0.08
0.07
0.07
0.07
0.07
0.07
0.06
0.07
0.06
0.06
0.07
0.06
0.07
0.07
0.07
0.07
0.07
0.08
0.08
0.08
0.08
0.09
0.09
0.09
0.09
0.09
0.1
0.81
1.55
2.68
3.3
3.3
0.05
0.06
0.06
0.04
0.04
0.04
0.04
0.04
0.03
0.03
0.03
0.03
0.03
0.03
0.04
0.05
0.05
0.04
0.05
0.06
0.06
0.07
0.07
0.07
0.07
0.08
0.08
0.08
0.07
0.06
0.07
0.05
0.04
0.04
0.05
0.05
0.06
0.07
0.08
0.09
0.08
0.07
0.07
0.07
0.06
0.06
0.05
0.06
0.07
0.08
0.09
0.1
0.11
0.12
0.12
0.11
0.09
0.08
0.09
0.09
0.09
0.09
0.09
0.09
0.08
0.08
0.09
0.08
0.08
0.08
0.08
0.08
0.08
0.07
0.07
0.07
0.06
0.06
0.06
0.06
0.06
0.06
0.05
0.05
0.05
0.05
0.05
0.05
0.04
0.07
0.05
0.05
0.05
0.05
0.06
0.05
0.05
0.05
0.05
0.05
0.05
0.06
0.08
0.09
0.11
0.13
0.14
0.15
0.17
0.18
0.2
0.22
0.23
0.23
0.23
0.23
0.23
0.22
0.21
0.21
0.2
0.19
0.19
0.19
0.18
0.17
0.17
0.16
0.15
0.15
0.15
0.15
0.15
0.15
0.15
0.15
0.15
0.15
0.15
0.15
0.15
0.15
0.15
0.14
0.14
0.13
0.13
0.13
0.52
0.71
0.78
0.82
0.83
0.82
0.8
0.77
0.73
0.66
0.61
0.52
0.45
0.37
0.33
0.3
0.29
0.29
0.3
0.32
0.37
0.43
0.48
0.56
0.66
0.76
0.86
0.97
1.08
1.13
1.17
1.21
1.25
1.27
1.27
1.25
1.25
1.23
1.21
1.18
1.14
1.08
1.03
0.96
0.88
0.8
0.71
0.62
0.51
0.4
0.28
0.15
0.03
0.0
0.0
0.0
0.0
0.0
0.0
0.0
0.0
0.0
0.0
0.0
0.0
0.0
0.0
0.02
0.04
0.03
0.03
0.04
0.03
0.02
0.01
0.0
0.0
0.0
0.0
0.0
0.0
0.0
0.0
0.0
0.0
0.0
0.0
0.0
0.0
0.0
0.0
0.0
0.0
0.0
0.0
0.0
0.0
0.0
0.0
0.0
0.0
0.0
0.0
0.0
0.0
0.0
0.0
0.0
0.0
0.0
0.0
0.0
0.0
0.0
0.0
0.0
0.0
0.0
0.0
0.0
0.0
0.0
0.0
0.0
0.0
0.0
0.0
0.0
0.0
0.0
0.0
0.0
0.0
0.0
0.0
0.0
0.0
0.0
0.0
0.0
0.0
0.0
0.0
0.01
0.02
0.03
0.03
0.03
0.04
0.04
0.05
0.05
0.06
0.06
0.06
0.07
0.06
0.09
0.07
0.08
0.08
0.08
0.08
0.08
0.08
0.08
0.08
0.07
0.06
0.07
0.06
0.06
0.06
0.06
0.06
0.05
0.06
0.05
0.05
0.05
0.04
0.04
0.04
0.04
0.04
0.04
0.04
0.04
0.04
0.03
0.04
0.03
0.03
0.03
0.02
0.03
0.03
0.03
0.03
0.02
0.02
0.01
0.01
0.0
0.0
0.0
0.0
0.0
0.0
0.0
0.0
0.0
0.0
0.0
0.0
0.0
0.0
0.0
0.0
0.0
0.0
0.0
0.0
0.0
0.0
0.0
0.0
0.0
0.0
0.0
0.0
0.0
0.0
0.0
0.0
0.0
0.0
0.0
0.0
0.0
0.0
0.0
0.0
0.0
0.0
0.0
0.0
0.0
0.0
0.0
0.0
0.0
0.0
0.0
0.0
0.0
0.0
0.0
0.0
0.0
0.0
0.0
0.0
0.0
0.0
0.0
0.0
0.0
0.0
0.0
0.0
0.0
0.0
0.0
0.0
0.0
0.0
0.0
0.0
0.0
0.0
0.0
0.0
0.0
0.0
0.0
0.0
0.0
0.0
0.0
0.0
0.0
0.18
0.51
1.12
1.77
2.37
2.89
3.24
3.24
